1403636579763555584
1403636579813555456
1403636579863555584
1403636579913555456
1403636579963555584
1403636580013555456
1403636580063555584
1403636580113555456
1403636580163555584
1403636580213555456
1403636580263555584
1403636580313555456
1403636580363555584
1403636580413555456
1403636580463555584
1403636580513555456
1403636580563555584
1403636580613555456
1403636580663555584
1403636580713555456
1403636580763555584
1403636580813555456
1403636580863555584
1403636580913555456
1403636580963555584
1403636581013555456
1403636581063555584
1403636581113555456
1403636581163555584
1403636581213555456
1403636581263555584
1403636581313555456
1403636581363555584
1403636581413555456
1403636581463555584
1403636581513555456
1403636581563555584
1403636581613555456
1403636581663555584
1403636581713555456
1403636581763555584
1403636581813555456
1403636581863555584
1403636581913555456
1403636581963555584
1403636582013555456
1403636582063555584
1403636582113555456
1403636582163555584
1403636582213555456
1403636582263555584
1403636582313555456
1403636582363555584
1403636582413555456
1403636582463555584
1403636582513555456
1403636582563555584
1403636582613555456
1403636582663555584
1403636582713555456
1403636582763555584
1403636582813555456
1403636582863555584
1403636582913555456
1403636582963555584
1403636583013555456
1403636583063555584
1403636583113555456
1403636583163555584
1403636583213555456
1403636583263555584
1403636583313555456
1403636583363555584
1403636583413555456
1403636583463555584
1403636583513555456
1403636583563555584
1403636583613555456
1403636583663555584
1403636583713555456
1403636583763555584
1403636583813555456
1403636583863555584
1403636583913555456
1403636583963555584
1403636584013555456
1403636584063555584
1403636584113555456
1403636584163555584
1403636584213555456
