653.000000 0.0000000 0.0000000 0.0000000 0.0000000 0.0000000 0.0000000 1.0000000
2210.000000 0.0453681 0.0038824 0.0379790 0.0021784 -0.0027476 -0.0038490 0.9999865
2530.000000 0.0565479 0.0029399 0.0344159 0.0016939 -0.0041870 -0.0010965 0.9999892
3063.000000 0.0880415 0.0003408 0.0329705 -0.0000501 -0.0141848 0.0097287 0.9998521
3346.000000 0.0928540 -0.0006113 0.0091547 -0.0003721 -0.0116771 0.0043339 0.9999223
3555.000000 0.0865772 -0.0009528 0.0127991 -0.0005670 -0.0042470 0.0041508 0.9999822
4367.000000 0.0827298 -0.0003488 0.0846692 0.0001609 -0.0002638 0.0016936 0.9999985
4667.000000 0.0807321 -0.0000821 0.1121294 0.0005545 0.0027683 0.0003180 0.9999959
5106.000000 0.0776968 0.0002817 0.1546658 0.0011892 0.0087193 -0.0017819 0.9999597
5385.000000 0.0775907 -0.0005379 0.1822953 -0.0003123 0.0099273 -0.0017458 0.9999492
5644.000000 0.0765413 -0.0002221 0.2090016 0.0003202 0.0136838 -0.0026520 0.9999028
5748.000000 0.0761525 -0.0000239 0.2196061 0.0008208 0.0153442 -0.0028548 0.9998779
6099.000000 0.0768931 0.0001002 0.2559231 0.0014571 0.0166710 -0.0018799 0.9998582
6271.000000 0.0772921 -0.0002369 0.2739079 0.0005224 0.0175425 -0.0025793 0.9998426
6468.000000 0.0780911 -0.0020973 0.2943082 -0.0066596 0.0174912 -0.0018849 0.9998230
6775.000000 0.0817790 -0.0038016 0.3262371 -0.0176935 0.0048448 -0.0012553 0.9998310
6843.000000 0.0832576 0.0005397 0.3333891 0.0054602 -0.0027786 -0.0014747 0.9999802
6845.000000 0.0835033 0.0004857 0.3335544 0.0051427 -0.0041771 -0.0014563 0.9999770
7032.000000 0.0848294 0.0018328 0.3532791 0.0165145 -0.0138347 -0.0005676 0.9997677
7044.000000 0.0848373 0.0016896 0.3545490 0.0157414 -0.0140249 -0.0005136 0.9997776
7049.000000 0.0847959 0.0016866 0.3551076 0.0158597 -0.0138148 -0.0001878 0.9997787
